31
962.1942,933.9556,-0.64435136,f
655.4354,947.2007,0.12424915,f
1316.9154,496.75235,0.0,f
955.29004,606.56854,-0.73881674,f
926.37726,-160.97363,0.0,f
1176.7585,1536.6473,-5.1782556,f
1445.732,1192.9817,0.0,f
1928.9528,400.69565,0.0,f
323.72876,813.723,1.9560649,f
1014.8364,1186.096,-1.4484783,f
1785.9928,73.93502,0.0,f
1448.1958,877.4927,-0.45953715,f
803.9144,1086.5441,-0.45588955,f
1512.983,-171.86014,2.045954,f
1079.4076,46.659073,0.0,f
1641.8224,1350.0228,0.0,f
1485.3875,-69.59223,0.0,f
599.0928,1385.567,0.0,f
446.59482,231.98404,-2.0439122,f
1883.1403,702.77844,-0.84979254,f
1958.9565,910.8406,0.0,f
802.7695,943.87317,-0.32655656,f
620.6874,638.2918,-0.1799201,f
830.59503,226.34973,-0.7751703,f
1733.8577,428.69153,0.0,f
1188.6914,773.04156,-0.7469001,f
1548.7247,733.081,-0.25895053,f
1503.4648,293.67224,-0.8561873,f
1237.0812,948.8771,-0.8011348,f
1765.1141,1089.4612,0.77929986,f
1244.5281,1380.7268,-0.66928107,f
